tarefa(1,[2,3,8],6,5).
tarefa(2,[4,6],5,3).
tarefa(3,[9],7,2).
tarefa(4,[5],6,3).
tarefa(5,[7,9],10,3).
tarefa(6,[7],9,5).
tarefa(7,[10,11],6,4).
tarefa(8,[10,11],8,3).
tarefa(9,[10],8,5).
tarefa(10,[12],10,1).
tarefa(11,[18],3,3).
tarefa(12,[13,20],5,1).
tarefa(13,[14],10,2).
tarefa(14,[15,18,22],7,1).
tarefa(15,[16,17],4,2).
tarefa(16,[19,24,30,36],5,5).
tarefa(17,[19,21],1,5).
tarefa(18,[21],10,5).
tarefa(19,[27],5,1).
tarefa(20,[23,24],9,1).
tarefa(21,[23,24,26,30],10,3).
tarefa(22,[23,24,26,30],4,5).
tarefa(23,[25,28],7,1).
tarefa(24,[25,27,31,32],5,4).
tarefa(25,[29,35,39],9,3).
tarefa(26,[28],3,1).
tarefa(27,[34],10,1).
tarefa(28,[29,31,34,36],10,2).
tarefa(29,[38],2,3).
tarefa(30,[32,33],8,4).
tarefa(31,[33,42],8,3).
tarefa(32,[34],7,3).
tarefa(33,[37,45],1,5).
tarefa(34,[35,39],9,2).
tarefa(35,[37,40],5,2).
tarefa(36,[44],6,2).
tarefa(37,[60],5,4).
tarefa(38,[40],1,3).
tarefa(39,[41,48],5,1).
tarefa(40,[41,42],5,4).
tarefa(41,[45],7,2).
tarefa(42,[43,44],3,2).
tarefa(43,[49],6,3).
tarefa(44,[45,46],6,3).
tarefa(45,[47,49],6,5).
tarefa(46,[47,48,49],3,2).
tarefa(47,[61,63],1,4).
tarefa(48,[51,52,53],8,3).
tarefa(49,[50],3,1).
tarefa(50,[51,52,53],7,4).
tarefa(51,[54],7,2).
tarefa(52,[54],10,1).
tarefa(53,[54,55],5,5).
tarefa(54,[56],9,5).
tarefa(55,[59],4,5).
tarefa(56,[57],10,2).
tarefa(57,[58],10,1).
tarefa(58,[59],2,1).
tarefa(59,[60,61,63,66,69],7,1).
tarefa(60,[64],6,4).
tarefa(61,[62,64,65],5,2).
tarefa(62,[68],3,4).
tarefa(63,[70,71,72],6,2).
tarefa(64,[70,71,74],4,2).
tarefa(65,[67],8,3).
tarefa(66,[67,68],3,1).
tarefa(67,[70,71,72],4,4).
tarefa(68,[70,71,72,73],3,2).
tarefa(69,[84],6,1).
tarefa(70,[78,79,82],5,4).
tarefa(71,[82,88],1,4).
tarefa(72,[74],2,4).
tarefa(73,[80,82],6,4).
tarefa(74,[75,76,77,78],7,5).
tarefa(75,[79,82],7,1).
tarefa(76,[],1,5).
tarefa(77,[79],8,2).
tarefa(78,[81,83],3,4).
tarefa(79,[80],10,3).
tarefa(80,[81,83],5,1).
tarefa(81,[84,88],7,3).
tarefa(82,[84],9,1).
tarefa(83,[87],4,4).
tarefa(84,[85],6,5).
tarefa(85,[86,87],9,5).
tarefa(86,[89],10,2).
tarefa(87,[90],5,3).
tarefa(88,[90],6,1).
tarefa(89,[90],7,2).
tarefa(90,[91],9,5).
tarefa(91,[92,93,97],2,5).
tarefa(92,[94,98],4,5).
tarefa(93,[95,98],6,5).
tarefa(94,[95],8,3).
tarefa(95,[96],10,5).
tarefa(96,[99],3,5).
tarefa(97,[98,99],6,1).
tarefa(98,[100,103,106],1,4).
tarefa(99,[100,103,106],10,1).
tarefa(100,[101,102],2,3).
tarefa(101,[104,107,110],8,3).
tarefa(102,[107],1,3).
tarefa(103,[104,107,110],2,3).
tarefa(104,[105],4,1).
tarefa(105,[113],8,5).
tarefa(106,[108,110],7,3).
tarefa(107,[108],1,4).
tarefa(108,[109],9,1).
tarefa(109,[111,112,120],10,2).
tarefa(110,[111,112],9,4).
tarefa(111,[113],5,5).
tarefa(112,[113],9,2).
tarefa(113,[114],7,5).
tarefa(114,[115],9,3).
tarefa(115,[116,122],1,4).
tarefa(116,[117,118,119],3,3).
tarefa(117,[124],6,2).
tarefa(118,[125,126],2,1).
tarefa(119,[121,123,126],4,3).
tarefa(120,[347],3,4).
tarefa(121,[124,125],2,5).
tarefa(122,[127],4,3).
tarefa(123,[124,131,137],9,1).
tarefa(124,[128],3,4).
tarefa(125,[127],8,1).
tarefa(126,[139],1,5).
tarefa(127,[128,129],10,2).
tarefa(128,[130],4,2).
tarefa(129,[130,131,137],5,1).
tarefa(130,[132,149],2,5).
tarefa(131,[135,136,138],8,1).
tarefa(132,[133,134],10,4).
tarefa(133,[147],2,1).
tarefa(134,[135,136,138],5,3).
tarefa(135,[139],6,2).
tarefa(136,[140,141],2,1).
tarefa(137,[138],10,4).
tarefa(138,[139],1,1).
tarefa(139,[140,141],10,2).
tarefa(140,[142,146],3,1).
tarefa(141,[143,146],4,3).
tarefa(142,[143,152],4,2).
tarefa(143,[144,145,153],1,2).
tarefa(144,[147,148],9,2).
tarefa(145,[151],7,5).
tarefa(146,[151,153,154,155,159],5,1).
tarefa(147,[166,175],6,5).
tarefa(148,[150,151,154,159],10,5).
tarefa(149,[151,152],1,5).
tarefa(150,[155,162],7,4).
tarefa(151,[156,157,160,161],4,3).
tarefa(152,[153,155,156,158],8,1).
tarefa(153,[230],10,5).
tarefa(154,[158],5,5).
tarefa(155,[174,176,180],6,1).
tarefa(156,[168],7,3).
tarefa(157,[166,174,176,177,181],3,1).
tarefa(158,[160,161,162],7,5).
tarefa(159,[160],4,4).
tarefa(160,[164,168],7,2).
tarefa(161,[163,169],5,3).
tarefa(162,[163,167,168],10,5).
tarefa(163,[173,175],5,3).
tarefa(164,[165,166,167,169,175],4,2).
tarefa(165,[363],9,1).
tarefa(166,[188],5,1).
tarefa(167,[170,171,181],10,5).
tarefa(168,[175],2,1).
tarefa(169,[171],5,3).
tarefa(170,[173],10,1).
tarefa(171,[172],9,3).
tarefa(172,[173],4,1).
tarefa(173,[174,176,177,178],5,4).
tarefa(174,[182],7,5).
tarefa(175,[176,177,178,181,182],7,2).
tarefa(176,[183,185],5,3).
tarefa(177,[179,184,187],4,5).
tarefa(178,[183],8,2).
tarefa(179,[180],4,1).
tarefa(180,[186],8,3).
tarefa(181,[188],5,5).
tarefa(182,[184,186],1,2).
tarefa(183,[184,186,187],5,4).
tarefa(184,[188],10,2).
tarefa(185,[190],8,2).
tarefa(186,[188,190],7,1).
tarefa(187,[188,196],4,4).
tarefa(188,[189],3,1).
tarefa(189,[191],10,1).
tarefa(190,[191,196],9,4).
tarefa(191,[192],6,1).
tarefa(192,[193],2,3).
tarefa(193,[194],5,1).
tarefa(194,[195,200],3,4).
tarefa(195,[197,198],4,4).
tarefa(196,[198],10,1).
tarefa(197,[199,201],9,4).
tarefa(198,[199],3,3).
tarefa(199,[202],3,5).
tarefa(200,[202],5,3).
tarefa(201,[209],7,3).
tarefa(202,[203],1,4).
tarefa(203,[204],2,5).
tarefa(204,[205,206],8,2).
tarefa(205,[209],3,2).
tarefa(206,[207,209],10,4).
tarefa(207,[208],6,1).
tarefa(208,[212,213],9,4).
tarefa(209,[210,213],5,1).
tarefa(210,[211,214],4,5).
tarefa(211,[212],10,3).
tarefa(212,[215,216,218],10,1).
tarefa(213,[278],6,3).
tarefa(214,[216,219,220],1,1).
tarefa(215,[217,219],2,4).
tarefa(216,[229],8,4).
tarefa(217,[220],9,5).
tarefa(218,[219,220],9,3).
tarefa(219,[222,224,235],9,1).
tarefa(220,[221,224],6,1).
tarefa(221,[222,223,225,227],1,2).
tarefa(222,[296],4,5).
tarefa(223,[234],5,3).
tarefa(224,[226,227],4,5).
tarefa(225,[226,231,235],10,3).
tarefa(226,[228],7,3).
tarefa(227,[230,231],4,2).
tarefa(228,[229],8,4).
tarefa(229,[233,236],6,3).
tarefa(230,[234],9,2).
tarefa(231,[232,236],10,2).
tarefa(232,[234],4,5).
tarefa(233,[234],5,3).
tarefa(234,[237],10,5).
tarefa(235,[236,237],4,5).
tarefa(236,[243],3,3).
tarefa(237,[238,239],8,3).
tarefa(238,[240],3,1).
tarefa(239,[240],4,1).
tarefa(240,[241,242,243],4,3).
tarefa(241,[244,245],1,3).
tarefa(242,[245],1,5).
tarefa(243,[244],3,1).
tarefa(244,[248],10,4).
tarefa(245,[246,247],1,3).
tarefa(246,[248],5,4).
tarefa(247,[248],7,4).
tarefa(248,[249],1,3).
tarefa(249,[250,251,252],10,2).
tarefa(250,[273,277],8,2).
tarefa(251,[253],8,3).
tarefa(252,[253],3,2).
tarefa(253,[254],5,3).
tarefa(254,[255,256],10,4).
tarefa(255,[257,258,260,262,263,264],6,2).
tarefa(256,[257,258,262,263],8,4).
tarefa(257,[259,266],1,3).
tarefa(258,[278,284],10,3).
tarefa(259,[261,265,269],3,3).
tarefa(260,[265,266,273],3,2).
tarefa(261,[267],9,1).
tarefa(262,[286],5,5).
tarefa(263,[265,269,273],10,2).
tarefa(264,[265,266],5,2).
tarefa(265,[267,268],1,2).
tarefa(266,[268,269],3,2).
tarefa(267,[279,280,284],9,4).
tarefa(268,[270],4,4).
tarefa(269,[275,279],3,1).
tarefa(270,[271],10,4).
tarefa(271,[272],1,1).
tarefa(272,[274],1,3).
tarefa(273,[276],4,1).
tarefa(274,[275,276,277],7,2).
tarefa(275,[278,283,284],7,2).
tarefa(276,[278,281],9,1).
tarefa(277,[278,279,280,284],1,3).
tarefa(278,[282],5,5).
tarefa(279,[281],3,1).
tarefa(280,[281],1,3).
tarefa(281,[282,283],6,2).
tarefa(282,[285,287],1,3).
tarefa(283,[287,290],9,1).
tarefa(284,[300],7,4).
tarefa(285,[286],3,1).
tarefa(286,[288,290,291],9,3).
tarefa(287,[288,291],2,5).
tarefa(288,[289,293,294],2,3).
tarefa(289,[298,313],5,4).
tarefa(290,[293],4,5).
tarefa(291,[292],5,4).
tarefa(292,[293,294],1,4).
tarefa(293,[295,297,300],5,3).
tarefa(294,[299],9,3).
tarefa(295,[296,298,301],7,5).
tarefa(296,[299],3,3).
tarefa(297,[299],6,5).
tarefa(298,[308],1,5).
tarefa(299,[302,304],4,5).
tarefa(300,[303,304],6,3).
tarefa(301,[302,303],2,2).
tarefa(302,[305],6,4).
tarefa(303,[305],8,3).
tarefa(304,[307,308,313],7,3).
tarefa(305,[306],1,4).
tarefa(306,[307,308,313],8,5).
tarefa(307,[],4,4).
tarefa(308,[309],6,5).
tarefa(309,[310,314],8,1).
tarefa(310,[311,312],4,1).
tarefa(311,[315,318],3,5).
tarefa(312,[316,318],8,3).
tarefa(313,[314],10,4).
tarefa(314,[318,319],8,3).
tarefa(315,[316],3,2).
tarefa(316,[317],3,2).
tarefa(317,[319],10,3).
tarefa(318,[323,325,326,328],5,2).
tarefa(319,[320],3,3).
tarefa(320,[321,322,325,326,328],6,5).
tarefa(321,[324,335],6,4).
tarefa(322,[323,324,334],1,5).
tarefa(323,[335],2,5).
tarefa(324,[327],2,3).
tarefa(325,[335],10,1).
tarefa(326,[329,331],7,5).
tarefa(327,[340],5,2).
tarefa(328,[330,332],10,5).
tarefa(329,[330,332],9,2).
tarefa(330,[336,338],4,4).
tarefa(331,[332,334],1,5).
tarefa(332,[333],6,5).
tarefa(333,[335],6,2).
tarefa(334,[335],3,2).
tarefa(335,[336,337],8,4).
tarefa(336,[365],10,1).
tarefa(337,[338],2,5).
tarefa(338,[339,340,341],1,5).
tarefa(339,[343,344,347,349],3,2).
tarefa(340,[342,349],10,1).
tarefa(341,[342,347],9,5).
tarefa(342,[344],1,5).
tarefa(343,[348],5,1).
tarefa(344,[345],3,4).
tarefa(345,[346],6,1).
tarefa(346,[348],2,1).
tarefa(347,[351,356],9,5).
tarefa(348,[350,352],10,1).
tarefa(349,[351,352],7,1).
tarefa(350,[351,356],6,4).
tarefa(351,[354],2,1).
tarefa(352,[353,356],6,1).
tarefa(353,[389],6,3).
tarefa(354,[355,357,360],5,2).
tarefa(355,[359,361,363],2,5).
tarefa(356,[362,363],4,3).
tarefa(357,[358,359,361,366],8,5).
tarefa(358,[394],5,1).
tarefa(359,[362,369],10,2).
tarefa(360,[362,379],8,1).
tarefa(361,[362,365],2,5).
tarefa(362,[372,378],2,1).
tarefa(363,[364,365],8,4).
tarefa(364,[366,367],3,5).
tarefa(365,[367],3,1).
tarefa(366,[368],8,5).
tarefa(367,[368],6,3).
tarefa(368,[369],7,4).
tarefa(369,[370,372],6,2).
tarefa(370,[371,373,378],4,4).
tarefa(371,[388],6,4).
tarefa(372,[377],9,5).
tarefa(373,[374,375],6,2).
tarefa(374,[396,398],7,4).
tarefa(375,[376,379],5,2).
tarefa(376,[377],8,2).
tarefa(377,[380,388],2,2).
tarefa(378,[387,390],4,3).
tarefa(379,[380,381,382],6,4).
tarefa(380,[383,386],6,4).
tarefa(381,[385,388],5,5).
tarefa(382,[398,399],4,4).
tarefa(383,[384],6,1).
tarefa(384,[385],1,3).
tarefa(385,[387,389,390,391],9,2).
tarefa(386,[389,390,391],10,3).
tarefa(387,[394],3,1).
tarefa(388,[391,393],4,4).
tarefa(389,[394],10,2).
tarefa(390,[392,393],9,3).
tarefa(391,[392],6,4).
tarefa(392,[394],3,5).
tarefa(393,[395],1,1).
tarefa(394,[395],6,3).
tarefa(395,[396,397],9,3).
tarefa(396,[401,404,405],5,2).
tarefa(397,[398,399],1,5).
tarefa(398,[400],10,3).
tarefa(399,[401,402,403],10,2).
tarefa(400,[402,404,406],2,1).
tarefa(401,[409],2,5).
tarefa(402,[405,410],2,4).
tarefa(403,[404,406,407],3,4).
tarefa(404,[408,410,411,413],7,1).
tarefa(405,[407,411],5,4).
tarefa(406,[409,410],8,1).
tarefa(407,[409,412,413],6,5).
tarefa(408,[438],1,3).
tarefa(409,[414,418],5,4).
tarefa(410,[412,416],8,4).
tarefa(411,[441],9,5).
tarefa(412,[414,415,418],10,4).
tarefa(413,[414,415,416,422],5,5).
tarefa(414,[430],7,3).
tarefa(415,[417],4,4).
tarefa(416,[421],9,5).
tarefa(417,[420],1,5).
tarefa(418,[419,420,422],1,2).
tarefa(419,[421],8,3).
tarefa(420,[423],2,1).
tarefa(421,[423,429],10,1).
tarefa(422,[433],6,3).
tarefa(423,[424],2,1).
tarefa(424,[425],7,4).
tarefa(425,[426,428],10,1).
tarefa(426,[427],2,1).
tarefa(427,[430],5,2).
tarefa(428,[439],3,4).
tarefa(429,[430],4,3).
tarefa(430,[431],7,1).
tarefa(431,[432],10,3).
tarefa(432,[433,438],9,2).
tarefa(433,[434,435],4,2).
tarefa(434,[436,440],4,4).
tarefa(435,[439,441],10,2).
tarefa(436,[437,441],3,4).
tarefa(437,[439],9,5).
tarefa(438,[439],3,5).
tarefa(439,[442],5,2).
tarefa(440,[442],6,1).
tarefa(441,[442],1,3).
tarefa(442,[443,444,445],5,5).
tarefa(443,[446],3,5).
tarefa(444,[448,451],7,4).
tarefa(445,[447,451],2,4).
tarefa(446,[448],9,2).
tarefa(447,[450],10,1).
tarefa(448,[449],7,2).
tarefa(449,[450,452],4,2).
tarefa(450,[453],1,5).
tarefa(451,[452,454],5,3).
tarefa(452,[455,457],4,3).
tarefa(453,[454],8,3).
tarefa(454,[455,457],7,2).
tarefa(455,[456],9,4).
tarefa(456,[461,462],4,4).
tarefa(457,[458,461],1,1).
tarefa(458,[459,464],6,4).
tarefa(459,[460,462,465,466],2,5).
tarefa(460,[489],10,4).
tarefa(461,[463,465],8,1).
tarefa(462,[469],10,3).
tarefa(463,[464,467],5,1).
tarefa(464,[466,468,469],8,2).
tarefa(465,[467],8,4).
tarefa(466,[],9,2).
tarefa(467,[469],7,5).
tarefa(468,[478],4,4).
tarefa(469,[470,471],2,2).
tarefa(470,[],4,4).
tarefa(471,[472],7,1).
tarefa(472,[473],4,1).
tarefa(473,[474,475,476],9,5).
tarefa(474,[480,481],4,2).
tarefa(475,[477,484],2,3).
tarefa(476,[479,480,481],4,4).
tarefa(477,[478],2,1).
tarefa(478,[479,483,486,490],2,4).
tarefa(479,[],1,4).
tarefa(480,[491,492],9,4).
tarefa(481,[482],6,1).
tarefa(482,[483,484,490],2,4).
tarefa(483,[485,492],7,1).
tarefa(484,[486],5,3).
tarefa(485,[491],7,2).
tarefa(486,[487,488,489],1,3).
tarefa(487,[491,492],2,2).
tarefa(488,[494,495],7,3).
tarefa(489,[493,494,496],8,3).
tarefa(490,[],8,3).
tarefa(491,[496],6,2).
tarefa(492,[497],2,1).
tarefa(493,[495],8,2).
tarefa(494,[],4,4).
tarefa(495,[497],9,2).
tarefa(496,[499],1,3).
tarefa(497,[498],6,3).
tarefa(498,[499],1,2).
tarefa(499,[500],4,3).
tarefa(500,[],5,3).
