tarefa(1,[2,3],4,4).
tarefa(2,[4,8],5,5).
tarefa(3,[5,6],10,1).
tarefa(4,[9],3,3).
tarefa(5,[10],6,5).
tarefa(6,[7],5,4).
tarefa(7,[8],6,4).
tarefa(8,[9,10],7,2).
tarefa(9,[13],4,4).
tarefa(10,[11,13],1,3).
tarefa(11,[12,18],6,2).
tarefa(12,[14],1,4).
tarefa(13,[14],10,3).
tarefa(14,[15,16,21],3,3).
tarefa(15,[17],7,5).
tarefa(16,[19,26,31],8,1).
tarefa(17,[19,20],10,1).
tarefa(18,[20],9,4).
tarefa(19,[29,38],3,1).
tarefa(20,[22,23],2,2).
tarefa(21,[24,26],4,5).
tarefa(22,[26],3,4).
tarefa(23,[24,29],5,4).
tarefa(24,[25,31,33,34],5,2).
tarefa(25,[35],3,2).
tarefa(26,[27,28],8,1).
tarefa(27,[111],8,4).
tarefa(28,[30,32],5,2).
tarefa(29,[57],3,3).
tarefa(30,[33,34,35],2,3).
tarefa(31,[44,64],1,4).
tarefa(32,[36],4,1).
tarefa(33,[45],6,3).
tarefa(34,[36],6,3).
tarefa(35,[37,39,40],6,1).
tarefa(36,[38],6,1).
tarefa(37,[44,64],10,3).
tarefa(38,[40],8,3).
tarefa(39,[44,45],5,5).
tarefa(40,[41,50],8,1).
tarefa(41,[42,44],7,5).
tarefa(42,[43],10,4).
tarefa(43,[45],3,1).
tarefa(44,[47],10,5).
tarefa(45,[46],10,5).
tarefa(46,[48],8,5).
tarefa(47,[49],5,1).
tarefa(48,[49,51],7,5).
tarefa(49,[52],1,5).
tarefa(50,[51,55],2,5).
tarefa(51,[53,57,62,64],10,1).
tarefa(52,[53,54,57],1,2).
tarefa(53,[58,59],9,1).
tarefa(54,[55,56,58,62],5,1).
tarefa(55,[68,69],8,4).
tarefa(56,[61,65],9,5).
tarefa(57,[59,66],2,5).
tarefa(58,[65],3,3).
tarefa(59,[60],6,4).
tarefa(60,[63,67,68,69],7,4).
tarefa(61,[63,66],10,1).
tarefa(62,[63,66],8,4).
tarefa(63,[124],6,5).
tarefa(64,[65],10,4).
tarefa(65,[66],7,1).
tarefa(66,[67,68,69],9,5).
tarefa(67,[76],4,2).
tarefa(68,[76,83,86],4,3).
tarefa(69,[70,73],1,2).
tarefa(70,[71,74],8,3).
tarefa(71,[72,79,83],9,2).
tarefa(72,[109],10,4).
tarefa(73,[74],1,4).
tarefa(74,[75],10,5).
tarefa(75,[76,77,78,81],5,2).
tarefa(76,[79],1,1).
tarefa(77,[88],7,5).
tarefa(78,[88,91],5,4).
tarefa(79,[80,84],9,4).
tarefa(80,[82],8,1).
tarefa(81,[82,86],8,5).
tarefa(82,[85,89,90],10,2).
tarefa(83,[87],9,1).
tarefa(84,[85,87],7,3).
tarefa(85,[107],4,2).
tarefa(86,[88,91],3,1).
tarefa(87,[88,89],4,4).
tarefa(88,[92,93,97],6,4).
tarefa(89,[91],10,1).
tarefa(90,[92,93,97],3,1).
tarefa(91,[93,94,97],1,3).
tarefa(92,[94,95,99],10,3).
tarefa(93,[95,98,99],3,2).
tarefa(94,[101],7,4).
tarefa(95,[96,100,102,105],5,1).
tarefa(96,[101],4,3).
tarefa(97,[99,102],9,5).
tarefa(98,[100,102,105],4,3).
tarefa(99,[113,114],9,4).
tarefa(100,[101,103,106],2,4).
tarefa(101,[104,107,108,112],5,3).
tarefa(102,[106,107,108,112],10,5).
tarefa(103,[104,110,114],6,3).
tarefa(104,[113],4,4).
tarefa(105,[107,108,114],2,3).
tarefa(106,[128],3,1).
tarefa(107,[116],3,5).
tarefa(108,[109,110,111],2,2).
tarefa(109,[113],2,3).
tarefa(110,[117],4,5).
tarefa(111,[115,117],9,5).
tarefa(112,[113],2,3).
tarefa(113,[115,117],10,1).
tarefa(114,[116],1,1).
tarefa(115,[116,118],8,2).
tarefa(116,[119,120],3,2).
tarefa(117,[124],4,4).
tarefa(118,[119],8,4).
tarefa(119,[121],8,3).
tarefa(120,[122,124],4,3).
tarefa(121,[122,123,125],7,2).
tarefa(122,[127],2,2).
tarefa(123,[126],4,4).
tarefa(124,[125],1,3).
tarefa(125,[126],3,2).
tarefa(126,[127],1,4).
tarefa(127,[128,129,130],5,1).
tarefa(128,[137],5,4).
tarefa(129,[132,133,135,137],3,1).
tarefa(130,[131,132,133,135,137],10,5).
tarefa(131,[134],9,5).
tarefa(132,[134],6,3).
tarefa(133,[136],6,3).
tarefa(134,[136,138],8,2).
tarefa(135,[141],5,5).
tarefa(136,[140],3,2).
tarefa(137,[138,140,143],8,5).
tarefa(138,[139],9,1).
tarefa(139,[142,149],5,1).
tarefa(140,[141],4,5).
tarefa(141,[142,146,149],8,4).
tarefa(142,[144,145,147],3,1).
tarefa(143,[148,150],1,4).
tarefa(144,[152],10,3).
tarefa(145,[150],3,4).
tarefa(146,[196],9,4).
tarefa(147,[148,151],4,4).
tarefa(148,[297],9,1).
tarefa(149,[157,162],7,4).
tarefa(150,[151],3,4).
tarefa(151,[152,154],1,1).
tarefa(152,[153,155],6,1).
tarefa(153,[160],6,3).
tarefa(154,[155],9,3).
tarefa(155,[156,157,159],6,5).
tarefa(156,[161],7,3).
tarefa(157,[158,164],10,4).
tarefa(158,[174],2,1).
tarefa(159,[162],4,5).
tarefa(160,[161,162],5,4).
tarefa(161,[166,174],5,3).
tarefa(162,[163],3,5).
tarefa(163,[164],4,5).
tarefa(164,[165,166],1,1).
tarefa(165,[167,174],4,5).
tarefa(166,[167],10,5).
tarefa(167,[168],3,3).
tarefa(168,[169,170,177],3,3).
tarefa(169,[172],2,4).
tarefa(170,[171,172],5,4).
tarefa(171,[173],9,1).
tarefa(172,[173,175],5,1).
tarefa(173,[181,182],9,2).
tarefa(174,[175,177],1,2).
tarefa(175,[176,178,181],1,1).
tarefa(176,[179],2,5).
tarefa(177,[178,181],5,5).
tarefa(178,[179],1,2).
tarefa(179,[180,182],1,5).
tarefa(180,[211,247],5,2).
tarefa(181,[183],7,3).
tarefa(182,[183],10,1).
tarefa(183,[184,185,186,190],4,2).
tarefa(184,[187,188,194],8,3).
tarefa(185,[188,195,203,209],7,3).
tarefa(186,[189],1,5).
tarefa(187,[195,197],6,2).
tarefa(188,[206],9,4).
tarefa(189,[191,192,193,194],8,5).
tarefa(190,[193,196],7,3).
tarefa(191,[196],4,5).
tarefa(192,[196],5,2).
tarefa(193,[198,200,202],10,2).
tarefa(194,[196],7,5).
tarefa(195,[217,232,235],1,5).
tarefa(196,[197],1,5).
tarefa(197,[198,199,200,202],9,4).
tarefa(198,[201,203,204,205],3,3).
tarefa(199,[205],7,5).
tarefa(200,[201,204,207,208,209],8,5).
tarefa(201,[218],4,1).
tarefa(202,[206,209],3,5).
tarefa(203,[206],4,5).
tarefa(204,[233,248],9,2).
tarefa(205,[206,209],10,3).
tarefa(206,[207,208,214],1,5).
tarefa(207,[210,212],7,1).
tarefa(208,[213],2,4).
tarefa(209,[210,214,217],9,2).
tarefa(210,[211,213],3,1).
tarefa(211,[233,240],3,3).
tarefa(212,[218],10,2).
tarefa(213,[216,218,223],7,2).
tarefa(214,[215,223],7,1).
tarefa(215,[216,219,228],5,4).
tarefa(216,[220,224],10,1).
tarefa(217,[238,255],2,3).
tarefa(218,[219,228],6,5).
tarefa(219,[221],2,4).
tarefa(220,[226],9,1).
tarefa(221,[222],7,5).
tarefa(222,[224],2,5).
tarefa(223,[227],3,3).
tarefa(224,[225],8,1).
tarefa(225,[226,233],8,2).
tarefa(226,[227],4,2).
tarefa(227,[229,230,231,236],9,1).
tarefa(228,[229,233,234],2,2).
tarefa(229,[237],1,4).
tarefa(230,[234,245,247],6,3).
tarefa(231,[232,235],1,4).
tarefa(232,[238,249],6,1).
tarefa(233,[253],2,1).
tarefa(234,[239],2,2).
tarefa(235,[237],1,1).
tarefa(236,[237],1,3).
tarefa(237,[238,239,241],3,4).
tarefa(238,[288],7,3).
tarefa(239,[240,244,248,250,251],3,5).
tarefa(240,[243,246,249],8,3).
tarefa(241,[242],10,3).
tarefa(242,[243,244,245,247],10,2).
tarefa(243,[258,259,260],7,3).
tarefa(244,[261,263],2,3).
tarefa(245,[246,249,250,251],4,2).
tarefa(246,[263],4,3).
tarefa(247,[259,260],2,2).
tarefa(248,[254],4,4).
tarefa(249,[252,253],4,5).
tarefa(250,[309,313],9,1).
tarefa(251,[252,253],4,3).
tarefa(252,[257],8,3).
tarefa(253,[254],4,3).
tarefa(254,[255,259],1,5).
tarefa(255,[256,258,260],5,1).
tarefa(256,[257,262],6,5).
tarefa(257,[261,264,265],5,1).
tarefa(258,[286,290],8,4).
tarefa(259,[261,262],9,3).
tarefa(260,[277],10,4).
tarefa(261,[277,281],7,5).
tarefa(262,[263],6,4).
tarefa(263,[264,265],3,5).
tarefa(264,[268],5,4).
tarefa(265,[266,267,271],8,5).
tarefa(266,[268,270],9,4).
tarefa(267,[269,270,278],8,5).
tarefa(268,[269,273],6,1).
tarefa(269,[274],4,3).
tarefa(270,[275,280],10,4).
tarefa(271,[272,276],6,4).
tarefa(272,[273],10,3).
tarefa(273,[274,275],3,5).
tarefa(274,[277,279],7,1).
tarefa(275,[282,283],4,1).
tarefa(276,[286,289,290],9,3).
tarefa(277,[285],2,2).
tarefa(278,[279],3,2).
tarefa(279,[280],8,2).
tarefa(280,[281],10,3).
tarefa(281,[282,283],7,4).
tarefa(282,[287,291],4,1).
tarefa(283,[284],4,3).
tarefa(284,[285,289],2,3).
tarefa(285,[286,287,288],6,5).
tarefa(286,[291,294],3,4).
tarefa(287,[303],2,2).
tarefa(288,[290,292],3,4).
tarefa(289,[291],3,5).
tarefa(290,[381],8,5).
tarefa(291,[292],3,3).
tarefa(292,[293,297],6,1).
tarefa(293,[296],7,3).
tarefa(294,[295,297],3,4).
tarefa(295,[296],1,3).
tarefa(296,[298],4,2).
tarefa(297,[298,299],2,3).
tarefa(298,[300,304],10,3).
tarefa(299,[300],9,5).
tarefa(300,[301,302],10,1).
tarefa(301,[305,307],5,1).
tarefa(302,[303,305,306],10,1).
tarefa(303,[309,310,316,319],6,2).
tarefa(304,[306],4,5).
tarefa(305,[308,316],3,2).
tarefa(306,[307,308,309],2,5).
tarefa(307,[328],4,5).
tarefa(308,[310,319],1,5).
tarefa(309,[317],9,4).
tarefa(310,[311],9,3).
tarefa(311,[312,313,315],4,5).
tarefa(312,[314],2,2).
tarefa(313,[318,320,323],3,5).
tarefa(314,[322],8,3).
tarefa(315,[324,327,330],5,3).
tarefa(316,[318,323],6,5).
tarefa(317,[320,321,323],7,2).
tarefa(318,[321],1,4).
tarefa(319,[325],2,1).
tarefa(320,[325,326,329,332],1,2).
tarefa(321,[322,324,326],2,3).
tarefa(322,[325,327,328,329,332],1,2).
tarefa(323,[340],6,4).
tarefa(324,[332],10,1).
tarefa(325,[331],9,3).
tarefa(326,[339,346,348],8,4).
tarefa(327,[331,336],5,3).
tarefa(328,[342],4,3).
tarefa(329,[330],1,4).
tarefa(330,[331,333,334],2,4).
tarefa(331,[335,337,338,339],6,5).
tarefa(332,[334,337],9,2).
tarefa(333,[335,336],3,4).
tarefa(334,[336,338],6,1).
tarefa(335,[360,364,368],3,5).
tarefa(336,[339,342],10,1).
tarefa(337,[342],3,1).
tarefa(338,[341],6,5).
tarefa(339,[340,343],10,1).
tarefa(340,[350],6,5).
tarefa(341,[342],1,2).
tarefa(342,[344,348],10,3).
tarefa(343,[347,358],9,5).
tarefa(344,[345],4,5).
tarefa(345,[346,347,349,350],3,2).
tarefa(346,[351,352],4,5).
tarefa(347,[351],4,3).
tarefa(348,[350],4,1).
tarefa(349,[356],6,2).
tarefa(350,[351,352],2,5).
tarefa(351,[353,354,355,356],4,5).
tarefa(352,[353,356,358],3,5).
tarefa(353,[359,361],3,5).
tarefa(354,[359,360],2,5).
tarefa(355,[424],10,4).
tarefa(356,[357,359],6,3).
tarefa(357,[360,361,362,363],2,2).
tarefa(358,[378],7,4).
tarefa(359,[363],7,4).
tarefa(360,[366],3,2).
tarefa(361,[371],10,4).
tarefa(362,[370],8,3).
tarefa(363,[364,365,367,369],3,5).
tarefa(364,[380],7,1).
tarefa(365,[370],1,2).
tarefa(366,[369],2,5).
tarefa(367,[368,370],6,2).
tarefa(368,[395],8,2).
tarefa(369,[370],3,5).
tarefa(370,[371],2,2).
tarefa(371,[372],8,4).
tarefa(372,[373,375],9,5).
tarefa(373,[374,376],7,3).
tarefa(374,[377,378],2,2).
tarefa(375,[376],8,1).
tarefa(376,[377,378,380],3,2).
tarefa(377,[382],4,4).
tarefa(378,[379],8,3).
tarefa(379,[381],5,3).
tarefa(380,[382,387],2,3).
tarefa(381,[383,384,387],2,5).
tarefa(382,[383],9,2).
tarefa(383,[385,395],6,2).
tarefa(384,[386,389],2,4).
tarefa(385,[386,389],1,3).
tarefa(386,[388],1,2).
tarefa(387,[389,391,395],8,5).
tarefa(388,[390,391],10,2).
tarefa(389,[390],5,4).
tarefa(390,[392,393],4,1).
tarefa(391,[397],1,2).
tarefa(392,[403],2,4).
tarefa(393,[394,399],4,2).
tarefa(394,[396,397],5,5).
tarefa(395,[397,399],10,5).
tarefa(396,[],9,2).
tarefa(397,[398,403],5,1).
tarefa(398,[400],4,4).
tarefa(399,[401,402],5,2).
tarefa(400,[402],8,2).
tarefa(401,[407],2,1).
tarefa(402,[404,405,409],4,2).
tarefa(403,[405,409],3,3).
tarefa(404,[411],4,5).
tarefa(405,[406],8,1).
tarefa(406,[407],10,2).
tarefa(407,[408,410],3,2).
tarefa(408,[411],1,3).
tarefa(409,[411],6,3).
tarefa(410,[421,422],6,1).
tarefa(411,[412,413],6,5).
tarefa(412,[415],4,5).
tarefa(413,[414,415,417],8,1).
tarefa(414,[418],6,5).
tarefa(415,[416,419],4,3).
tarefa(416,[422],6,5).
tarefa(417,[420,422],8,2).
tarefa(418,[419],7,5).
tarefa(419,[420,421,422],9,5).
tarefa(420,[497],5,5).
tarefa(421,[423],7,3).
tarefa(422,[424,425,427],1,3).
tarefa(423,[428],6,3).
tarefa(424,[426],6,3).
tarefa(425,[426,430],6,3).
tarefa(426,[428,429],2,2).
tarefa(427,[428,429],4,3).
tarefa(428,[431,432],4,5).
tarefa(429,[434],7,5).
tarefa(430,[433],8,2).
tarefa(431,[433],2,5).
tarefa(432,[437],10,3).
tarefa(433,[434,439],4,2).
tarefa(434,[435,436,437,440],10,4).
tarefa(435,[452],10,3).
tarefa(436,[438,442],10,1).
tarefa(437,[442],4,5).
tarefa(438,[441,444],9,4).
tarefa(439,[441,442],1,3).
tarefa(440,[453],5,4).
tarefa(441,[443],10,2).
tarefa(442,[443],9,3).
tarefa(443,[445,453],5,1).
tarefa(444,[445,453],10,1).
tarefa(445,[446,450],9,5).
tarefa(446,[447,448],10,5).
tarefa(447,[449,454,455],5,4).
tarefa(448,[451],6,1).
tarefa(449,[488],5,4).
tarefa(450,[451,454],8,2).
tarefa(451,[452,455],3,5).
tarefa(452,[458,461],4,5).
tarefa(453,[455],7,2).
tarefa(454,[457],7,1).
tarefa(455,[456,458],10,4).
tarefa(456,[457],7,5).
tarefa(457,[459,460],1,3).
tarefa(458,[460],1,1).
tarefa(459,[461,464],9,1).
tarefa(460,[462],1,4).
tarefa(461,[495],3,4).
tarefa(462,[463,465],4,4).
tarefa(463,[464],9,5).
tarefa(464,[466],5,1).
tarefa(465,[466],9,3).
tarefa(466,[467],1,2).
tarefa(467,[468],2,2).
tarefa(468,[469],6,4).
tarefa(469,[470],3,1).
tarefa(470,[471,472,474,475],7,2).
tarefa(471,[478],7,5).
tarefa(472,[473,476],5,3).
tarefa(473,[477],9,5).
tarefa(474,[480,481],2,3).
tarefa(475,[478],9,2).
tarefa(476,[478,480],6,5).
tarefa(477,[479,481],8,5).
tarefa(478,[481],8,1).
tarefa(479,[480,482],6,5).
tarefa(480,[485,487,490],10,4).
tarefa(481,[482,484,485],2,4).
tarefa(482,[483,486,488],9,5).
tarefa(483,[498,499],10,5).
tarefa(484,[489,494],5,4).
tarefa(485,[488,491],2,5).
tarefa(486,[487,490],6,2).
tarefa(487,[489,494,495],6,3).
tarefa(488,[492,493],10,5).
tarefa(489,[497],4,5).
tarefa(490,[491],6,4).
tarefa(491,[492,493],3,5).
tarefa(492,[],3,3).
tarefa(493,[494,495],4,1).
tarefa(494,[496,497,498],9,5).
tarefa(495,[497,498],2,3).
tarefa(496,[499],8,2).
tarefa(497,[],10,2).
tarefa(498,[500],6,1).
tarefa(499,[500],5,3).
tarefa(500,[],7,3).
