tarefa(1,[8,9,11],7,5).
tarefa(2,[3,4],7,1).
tarefa(3,[7,8,9,11],1,5).
tarefa(4,[15],2,1).
tarefa(5,[6],6,3).
tarefa(6,[7,8,9,11],8,4).
tarefa(7,[31],5,4).
tarefa(8,[12,13],4,5).
tarefa(9,[16],10,4).
tarefa(10,[13],2,4).
tarefa(11,[16],3,3).
tarefa(12,[14],1,4).
tarefa(13,[15],4,2).
tarefa(14,[15],10,1).
tarefa(15,[16],2,2).
tarefa(16,[17,19],4,2).
tarefa(17,[18,21,23,26],7,1).
tarefa(18,[24,29],3,5).
tarefa(19,[20,23],9,5).
tarefa(20,[21,26],5,2).
tarefa(21,[22,25],7,1).
tarefa(22,[28],2,4).
tarefa(23,[24,27],3,4).
tarefa(24,[28,30],5,1).
tarefa(25,[30,31],7,2).
tarefa(26,[30,35],10,4).
tarefa(27,[28,29],3,5).
tarefa(28,[32,33],6,4).
tarefa(29,[30,31],5,2).
tarefa(30,[41],5,3).
tarefa(31,[32,33],1,5).
tarefa(32,[34,35],7,3).
tarefa(33,[35],7,2).
tarefa(34,[36],3,4).
tarefa(35,[36,37],7,2).
tarefa(36,[38],10,3).
tarefa(37,[38,40],1,3).
tarefa(38,[39],9,1).
tarefa(39,[41],5,2).
tarefa(40,[41],1,3).
tarefa(41,[42,44],10,3).
tarefa(42,[43,45,50],8,4).
tarefa(43,[46],3,3).
tarefa(44,[48],3,1).
tarefa(45,[47,49,54,55],3,4).
tarefa(46,[48],8,2).
tarefa(47,[63,101],3,4).
tarefa(48,[52,55],2,1).
tarefa(49,[53,57,58],3,3).
tarefa(50,[51],8,2).
tarefa(51,[53,54],1,4).
tarefa(52,[53,54],2,2).
tarefa(53,[59,65],9,2).
tarefa(54,[56],8,5).
tarefa(55,[56],7,1).
tarefa(56,[57,58],5,4).
tarefa(57,[77],7,4).
tarefa(58,[59,60,65],9,2).
tarefa(59,[62,64,68],10,3).
tarefa(60,[61,64],4,2).
tarefa(61,[63,66,69],6,3).
tarefa(62,[70],1,3).
tarefa(63,[90],6,2).
tarefa(64,[67],9,1).
tarefa(65,[66,71,75],3,2).
tarefa(66,[68,72],2,1).
tarefa(67,[69],5,3).
tarefa(68,[101],4,4).
tarefa(69,[70,75],2,3).
tarefa(70,[71],6,4).
tarefa(71,[72],6,2).
tarefa(72,[73],2,4).
tarefa(73,[74,76,77],7,5).
tarefa(74,[79,82],10,5).
tarefa(75,[83],2,2).
tarefa(76,[82,84],6,5).
tarefa(77,[78,81,82],4,3).
tarefa(78,[79,80],6,4).
tarefa(79,[84],3,1).
tarefa(80,[83,84],8,2).
tarefa(81,[83,84],9,4).
tarefa(82,[83],2,5).
tarefa(83,[85],2,3).
tarefa(84,[85,87,90],8,4).
tarefa(85,[86],2,2).
tarefa(86,[88,93],2,4).
tarefa(87,[88,89],2,1).
tarefa(88,[91,94],7,5).
tarefa(89,[91,93],1,1).
tarefa(90,[111],4,4).
tarefa(91,[92,95],8,3).
tarefa(92,[134],9,4).
tarefa(93,[94,96],8,1).
tarefa(94,[98,99],3,3).
tarefa(95,[96],3,5).
tarefa(96,[97,98,99,100],7,5).
tarefa(97,[102,106],1,4).
tarefa(98,[102],9,2).
tarefa(99,[101],8,2).
tarefa(100,[102,107],2,5).
tarefa(101,[102,107],1,3).
tarefa(102,[103,104,108],3,4).
tarefa(103,[105,109],2,2).
tarefa(104,[110,113,114,115],9,4).
tarefa(105,[110,114,118],8,5).
tarefa(106,[107],1,4).
tarefa(107,[108,109,115],10,3).
tarefa(108,[110,113,116,117],5,5).
tarefa(109,[110,111],2,1).
tarefa(110,[112,121],5,3).
tarefa(111,[112,113,114,116,117],6,5).
tarefa(112,[119,123],2,3).
tarefa(113,[118,122],1,5).
tarefa(114,[122],4,5).
tarefa(115,[116,118,123],9,3).
tarefa(116,[119,121],10,5).
tarefa(117,[119,121],4,2).
tarefa(118,[119,120],4,5).
tarefa(119,[127],8,1).
tarefa(120,[121,124,125],6,5).
tarefa(121,[126,127,129,131,133],9,3).
tarefa(122,[124,125,133],2,1).
tarefa(123,[124,125,133],8,1).
tarefa(124,[126,128],9,4).
tarefa(125,[127,128],9,2).
tarefa(126,[136,138],5,2).
tarefa(127,[134,136],7,1).
tarefa(128,[129,131],1,3).
tarefa(129,[130,134],9,1).
tarefa(130,[153],10,2).
tarefa(131,[132,134,136],9,3).
tarefa(132,[141],1,5).
tarefa(133,[134,136],7,3).
tarefa(134,[135,137,138,142],4,4).
tarefa(135,[139,143,145],5,5).
tarefa(136,[140,149],10,3).
tarefa(137,[140,141,143],2,2).
tarefa(138,[141],2,4).
tarefa(139,[144,146,149],5,3).
tarefa(140,[160],6,2).
tarefa(141,[144,146,149],10,3).
tarefa(142,[146],4,4).
tarefa(143,[160],2,5).
tarefa(144,[151,155],4,1).
tarefa(145,[151],4,4).
tarefa(146,[147],8,2).
tarefa(147,[148],1,5).
tarefa(148,[150],10,4).
tarefa(149,[152,153,156],1,4).
tarefa(150,[151,152,155],8,4).
tarefa(151,[153,156],5,4).
tarefa(152,[236],2,1).
tarefa(153,[154],2,2).
tarefa(154,[157],3,1).
tarefa(155,[166],1,4).
tarefa(156,[157],5,2).
tarefa(157,[158],5,3).
tarefa(158,[159],4,4).
tarefa(159,[160,163],1,1).
tarefa(160,[161,162,172],2,4).
tarefa(161,[164],10,2).
tarefa(162,[168,169,171,180],4,2).
tarefa(163,[164],5,4).
tarefa(164,[165,166,168,170],1,3).
tarefa(165,[173],1,3).
tarefa(166,[167,169,171],10,2).
tarefa(167,[203,210],7,2).
tarefa(168,[173],8,2).
tarefa(169,[173],9,4).
tarefa(170,[173],3,3).
tarefa(171,[175,176,184],6,5).
tarefa(172,[179,188],8,1).
tarefa(173,[174,176,181],6,2).
tarefa(174,[175,182,184,188],10,3).
tarefa(175,[177],8,2).
tarefa(176,[177,178,188],10,1).
tarefa(177,[179,183,186],5,1).
tarefa(178,[182,186],10,5).
tarefa(179,[185,189],8,4).
tarefa(180,[184],7,5).
tarefa(181,[182,184,186],8,2).
tarefa(182,[183,185,189,197],3,1).
tarefa(183,[208,211],1,4).
tarefa(184,[189],1,2).
tarefa(185,[187],8,4).
tarefa(186,[189,197],5,2).
tarefa(187,[192,193],5,3).
tarefa(188,[197],8,2).
tarefa(189,[190,194],2,5).
tarefa(190,[191],10,3).
tarefa(191,[192,193],5,3).
tarefa(192,[195],10,5).
tarefa(193,[195],6,1).
tarefa(194,[196,198,200],3,5).
tarefa(195,[196,198,200],10,5).
tarefa(196,[199],7,1).
tarefa(197,[204,207],2,1).
tarefa(198,[199],7,5).
tarefa(199,[201],4,2).
tarefa(200,[201],1,5).
tarefa(201,[202],5,3).
tarefa(202,[203,204,207],1,5).
tarefa(203,[208,213],5,1).
tarefa(204,[205],2,5).
tarefa(205,[206,209,210,213],4,2).
tarefa(206,[215],3,1).
tarefa(207,[208,209,212],1,5).
tarefa(208,[215],9,4).
tarefa(209,[211],8,1).
tarefa(210,[211],9,3).
tarefa(211,[214],2,1).
tarefa(212,[213,216],10,4).
tarefa(213,[217,225],10,3).
tarefa(214,[215],10,2).
tarefa(215,[216,217],5,1).
tarefa(216,[218,219,220],6,5).
tarefa(217,[218,223],6,5).
tarefa(218,[221],9,4).
tarefa(219,[224,225],10,4).
tarefa(220,[221,223],7,2).
tarefa(221,[222],9,2).
tarefa(222,[224,232],1,3).
tarefa(223,[224,232],6,3).
tarefa(224,[226,227],9,5).
tarefa(225,[227],5,4).
tarefa(226,[230,236,242],4,3).
tarefa(227,[228,230],9,3).
tarefa(228,[229],8,1).
tarefa(229,[235,236,238,242],7,4).
tarefa(230,[231],9,5).
tarefa(231,[234,235,238,245],3,2).
tarefa(232,[233],5,2).
tarefa(233,[235,240,242,246],3,3).
tarefa(234,[237],1,2).
tarefa(235,[237,239,243,244,247],7,4).
tarefa(236,[239,249],5,2).
tarefa(237,[283],2,1).
tarefa(238,[239,240,246],1,4).
tarefa(239,[248,250],10,1).
tarefa(240,[241,243,244,247],1,4).
tarefa(241,[261],1,1).
tarefa(242,[248],2,2).
tarefa(243,[248,255],10,3).
tarefa(244,[254,255],7,3).
tarefa(245,[246,247],8,2).
tarefa(246,[249,253,254,255,256,257],5,4).
tarefa(247,[248,249,255],5,3).
tarefa(248,[251,252,257],4,4).
tarefa(249,[250],7,5).
tarefa(250,[258,262],5,4).
tarefa(251,[258,267],10,3).
tarefa(252,[253,254,256],6,1).
tarefa(253,[278],5,4).
tarefa(254,[260],1,4).
tarefa(255,[266,280],9,4).
tarefa(256,[258,260],9,1).
tarefa(257,[259,260],1,3).
tarefa(258,[259,261,263],3,1).
tarefa(259,[266,270,272],2,5).
tarefa(260,[261,262],2,3).
tarefa(261,[270,276],3,2).
tarefa(262,[263,264,267],9,5).
tarefa(263,[265,266,268,270],8,1).
tarefa(264,[266,271,279,281],8,2).
tarefa(265,[271,272],4,3).
tarefa(266,[273,283],6,2).
tarefa(267,[268],2,5).
tarefa(268,[269],8,2).
tarefa(269,[271,272],3,2).
tarefa(270,[280],9,4).
tarefa(271,[363],10,4).
tarefa(272,[273,274,275,277],2,1).
tarefa(273,[294],5,4).
tarefa(274,[289],2,4).
tarefa(275,[276],3,3).
tarefa(276,[278,281],5,5).
tarefa(277,[280],3,4).
tarefa(278,[279],6,4).
tarefa(279,[280],9,1).
tarefa(280,[282,284],8,2).
tarefa(281,[283,284],8,3).
tarefa(282,[283,285],7,3).
tarefa(283,[286,288],2,5).
tarefa(284,[286,288],7,4).
tarefa(285,[286,288],7,1).
tarefa(286,[287,289,292],10,2).
tarefa(287,[293,298],8,4).
tarefa(288,[289,292],3,5).
tarefa(289,[290,291],1,2).
tarefa(290,[294,295,298],2,5).
tarefa(291,[293],4,5).
tarefa(292,[296],2,2).
tarefa(293,[294,295],6,5).
tarefa(294,[297],2,3).
tarefa(295,[296],7,4).
tarefa(296,[297,300],8,3).
tarefa(297,[299,301],2,1).
tarefa(298,[300,304],3,2).
tarefa(299,[304],1,3).
tarefa(300,[301,303],6,1).
tarefa(301,[302,305,310],7,3).
tarefa(302,[307],9,5).
tarefa(303,[305,310],2,5).
tarefa(304,[305,310],5,5).
tarefa(305,[306,307,309,311],6,3).
tarefa(306,[314],1,3).
tarefa(307,[308,312],9,1).
tarefa(308,[314],1,3).
tarefa(309,[312,315],3,1).
tarefa(310,[312,316],6,1).
tarefa(311,[313],10,5).
tarefa(312,[335,345],8,5).
tarefa(313,[314],2,5).
tarefa(314,[315],5,4).
tarefa(315,[316,322],3,5).
tarefa(316,[317,318],1,2).
tarefa(317,[319],2,5).
tarefa(318,[319,320],1,2).
tarefa(319,[321,325],8,2).
tarefa(320,[348,352],3,4).
tarefa(321,[323,324,328],8,2).
tarefa(322,[325],3,3).
tarefa(323,[346],10,2).
tarefa(324,[337],3,3).
tarefa(325,[326],1,5).
tarefa(326,[327,328],4,1).
tarefa(327,[329],3,1).
tarefa(328,[329],7,3).
tarefa(329,[330,331],1,1).
tarefa(330,[333],10,1).
tarefa(331,[332],3,3).
tarefa(332,[333],1,4).
tarefa(333,[334,335,345],4,5).
tarefa(334,[336,337],10,3).
tarefa(335,[338,340],1,5).
tarefa(336,[338,340],1,3).
tarefa(337,[338,339,340],6,4).
tarefa(338,[344],5,5).
tarefa(339,[341,342],2,3).
tarefa(340,[341,342],8,3).
tarefa(341,[492],2,3).
tarefa(342,[343,344],8,5).
tarefa(343,[346,348,351],4,2).
tarefa(344,[347,348,351],4,1).
tarefa(345,[346,349,351],6,5).
tarefa(346,[350],4,4).
tarefa(347,[349,354],9,1).
tarefa(348,[353,354],8,4).
tarefa(349,[355,356],8,3).
tarefa(350,[352],1,5).
tarefa(351,[352],8,4).
tarefa(352,[354,356],7,1).
tarefa(353,[358,361],8,3).
tarefa(354,[355,358,361,363,364],9,4).
tarefa(355,[374],2,4).
tarefa(356,[357,358,362],6,1).
tarefa(357,[359,360,363,364],9,2).
tarefa(358,[377],1,5).
tarefa(359,[422],6,2).
tarefa(360,[361],10,5).
tarefa(361,[365],6,1).
tarefa(362,[366],8,3).
tarefa(363,[369],10,4).
tarefa(364,[365],9,4).
tarefa(365,[366,370],7,5).
tarefa(366,[367,371],1,5).
tarefa(367,[368,369,372],8,2).
tarefa(368,[386,389],2,5).
tarefa(369,[373,375],7,3).
tarefa(370,[371],7,3).
tarefa(371,[372,373],2,1).
tarefa(372,[379,381,386],10,4).
tarefa(373,[374,381],6,4).
tarefa(374,[376,377],6,4).
tarefa(375,[376,378,381],6,1).
tarefa(376,[379,385,386],2,1).
tarefa(377,[378,380],7,5).
tarefa(378,[383,384,388],5,4).
tarefa(379,[380,382,383,384],1,5).
tarefa(380,[],7,1).
tarefa(381,[383,388],4,4).
tarefa(382,[392,394],4,4).
tarefa(383,[387,389],3,2).
tarefa(384,[391,398,401,403],6,4).
tarefa(385,[388,389],3,3).
tarefa(386,[387],8,4).
tarefa(387,[390,393,394],9,1).
tarefa(388,[393,403],4,2).
tarefa(389,[390,393],8,5).
tarefa(390,[391,392],3,5).
tarefa(391,[440],10,3).
tarefa(392,[395],3,4).
tarefa(393,[396,398,401],5,4).
tarefa(394,[395],7,3).
tarefa(395,[397,398,399],1,1).
tarefa(396,[409],1,1).
tarefa(397,[401],9,5).
tarefa(398,[400,413,415,423],1,2).
tarefa(399,[400,401,403],4,2).
tarefa(400,[402,418],7,5).
tarefa(401,[402,407,409],3,5).
tarefa(402,[405,414],8,5).
tarefa(403,[404,406,407],10,1).
tarefa(404,[410,411,414,423],7,3).
tarefa(405,[408],2,4).
tarefa(406,[412,413],8,4).
tarefa(407,[408,411,414,415,423],7,5).
tarefa(408,[412,420],10,1).
tarefa(409,[410,411,414,415,423],10,1).
tarefa(410,[412,416,418],6,4).
tarefa(411,[412,413,420],8,4).
tarefa(412,[417],4,1).
tarefa(413,[425],5,3).
tarefa(414,[421],8,4).
tarefa(415,[416,417,418],4,4).
tarefa(416,[421,422,424,425],9,4).
tarefa(417,[419],4,2).
tarefa(418,[420],9,2).
tarefa(419,[421,422,424],5,5).
tarefa(420,[421,422,424,425],5,5).
tarefa(421,[428],7,2).
tarefa(422,[436],10,3).
tarefa(423,[427,430,432],5,3).
tarefa(424,[426],8,5).
tarefa(425,[427,429],8,4).
tarefa(426,[427,429,430],7,3).
tarefa(427,[],5,4).
tarefa(428,[429,430],5,5).
tarefa(429,[431],4,2).
tarefa(430,[434],6,4).
tarefa(431,[432,433],9,1).
tarefa(432,[441],9,3).
tarefa(433,[434],8,2).
tarefa(434,[435],3,5).
tarefa(435,[436,437],10,4).
tarefa(436,[438],8,4).
tarefa(437,[438],9,1).
tarefa(438,[439,442],5,1).
tarefa(439,[440],5,3).
tarefa(440,[441],9,4).
tarefa(441,[443,444,445],6,5).
tarefa(442,[445,448],4,2).
tarefa(443,[446],10,4).
tarefa(444,[450],5,5).
tarefa(445,[449,452],9,1).
tarefa(446,[447],5,1).
tarefa(447,[448],6,5).
tarefa(448,[449,451],10,2).
tarefa(449,[459],8,2).
tarefa(450,[451],9,5).
tarefa(451,[452,453],10,5).
tarefa(452,[454,455,456],6,4).
tarefa(453,[454,455],2,4).
tarefa(454,[457],7,4).
tarefa(455,[457],5,5).
tarefa(456,[459,460,461,462],6,3).
tarefa(457,[458,461],5,4).
tarefa(458,[459,460,462],6,4).
tarefa(459,[464],2,2).
tarefa(460,[465],8,2).
tarefa(461,[464],5,3).
tarefa(462,[463,464],1,1).
tarefa(463,[465],10,5).
tarefa(464,[465],10,1).
tarefa(465,[466,469],6,2).
tarefa(466,[467,475],7,4).
tarefa(467,[468],9,3).
tarefa(468,[470,472,476],7,3).
tarefa(469,[471,480,482],3,5).
tarefa(470,[471,480],7,1).
tarefa(471,[473,474],4,1).
tarefa(472,[473,477,478,480,481,482,483],3,3).
tarefa(473,[500],5,1).
tarefa(474,[477,478,479,481,483,484],7,5).
tarefa(475,[483,486],4,1).
tarefa(476,[477,480,484],6,3).
tarefa(477,[485],4,4).
tarefa(478,[485],4,2).
tarefa(479,[488],9,3).
tarefa(480,[489],1,4).
tarefa(481,[486],8,5).
tarefa(482,[488],7,5).
tarefa(483,[492],10,3).
tarefa(484,[487],8,1).
tarefa(485,[487],2,5).
tarefa(486,[487],5,1).
tarefa(487,[488,489],3,5).
tarefa(488,[493],8,2).
tarefa(489,[490,492],10,1).
tarefa(490,[491,493],7,3).
tarefa(491,[],3,3).
tarefa(492,[493],7,3).
tarefa(493,[494,495,496],3,3).
tarefa(494,[],2,3).
tarefa(495,[],9,2).
tarefa(496,[497],1,5).
tarefa(497,[498,499],1,3).
tarefa(498,[],7,2).
tarefa(499,[500],2,5).
tarefa(500,[],2,3).
