tarefa(1,[2],10,4).
tarefa(2,[3,5,9],8,3).
tarefa(3,[4],7,2).
tarefa(4,[6,7],10,4).
tarefa(5,[6,7],7,3).
tarefa(6,[8,13],5,3).
tarefa(7,[8,15],5,2).
tarefa(8,[10,11,16],1,5).
tarefa(9,[11,14],2,4).
tarefa(10,[12,14,18,20,24,28],5,1).
tarefa(11,[17,19,22],2,3).
tarefa(12,[39],3,5).
tarefa(13,[15,16],5,3).
tarefa(14,[22,26],2,1).
tarefa(15,[19,24],10,3).
tarefa(16,[17,22,24],8,3).
tarefa(17,[18,20,21,23,26,27],4,1).
tarefa(18,[33],6,2).
tarefa(19,[],6,4).
tarefa(20,[35],2,5).
tarefa(21,[40],3,5).
tarefa(22,[25,27],3,4).
tarefa(23,[28,30,31],6,3).
tarefa(24,[25],1,5).
tarefa(25,[29,31],9,1).
tarefa(26,[30],2,3).
tarefa(27,[29,31],9,2).
tarefa(28,[29,32,35],5,4).
tarefa(29,[33,36],2,2).
tarefa(30,[33,34],10,2).
tarefa(31,[33,34,36],3,5).
tarefa(32,[37],7,3).
tarefa(33,[37],2,5).
tarefa(34,[35,39],8,2).
tarefa(35,[41,45,46],4,3).
tarefa(36,[37,41,45],6,2).
tarefa(37,[38,40],9,1).
tarefa(38,[39,48,49],3,2).
tarefa(39,[42,43],1,3).
tarefa(40,[46,50],7,1).
tarefa(41,[43,48,49],9,1).
tarefa(42,[],5,4).
tarefa(43,[44,47,56],5,1).
tarefa(44,[],2,4).
tarefa(45,[47,49],3,3).
tarefa(46,[48,49],7,4).
tarefa(47,[50,51,52,53,55],5,4).
tarefa(48,[51,52,53,55,56],10,4).
tarefa(49,[51,72],9,5).
tarefa(50,[65],4,1).
tarefa(51,[],9,4).
tarefa(52,[54,57,65],10,3).
tarefa(53,[64,68],8,1).
tarefa(54,[],8,5).
tarefa(55,[57,60],10,2).
tarefa(56,[60,62],1,4).
tarefa(57,[58,59,61,69],2,2).
tarefa(58,[62],1,1).
tarefa(59,[62,70,75],8,5).
tarefa(60,[61,64,65,68,70],7,3).
tarefa(61,[],6,1).
tarefa(62,[63,67],3,1).
tarefa(63,[],7,5).
tarefa(64,[66,67,69],10,4).
tarefa(65,[],10,3).
tarefa(66,[72],2,3).
tarefa(67,[71,72],9,3).
tarefa(68,[69],5,1).
tarefa(69,[72,75],5,1).
tarefa(70,[71,72],3,5).
tarefa(71,[],10,4).
tarefa(72,[73,74],4,2).
tarefa(73,[],3,5).
tarefa(74,[],6,1).
tarefa(75,[],8,5).
