tarefa(1,[2,8],6,5).
tarefa(2,[3,5,10],1,3).
tarefa(3,[4,6,7],2,2).
tarefa(4,[9],9,5).
tarefa(5,[15],2,1).
tarefa(6,[50],9,4).
tarefa(7,[13],6,5).
tarefa(8,[30,31],6,2).
tarefa(9,[11,18],6,3).
tarefa(10,[12,13,18],10,2).
tarefa(11,[12,13],5,1).
tarefa(12,[14],3,2).
tarefa(13,[16,17],7,5).
tarefa(14,[15,16],3,5).
tarefa(15,[17],6,4).
tarefa(16,[20],10,4).
tarefa(17,[19],6,3).
tarefa(18,[19],1,2).
tarefa(19,[20],8,3).
tarefa(20,[21,22],8,2).
tarefa(21,[41],10,5).
tarefa(22,[23],3,4).
tarefa(23,[24,25,26],3,5).
tarefa(24,[28,29],7,4).
tarefa(25,[30,31,32,33],7,4).
tarefa(26,[27,28,32,33],5,2).
tarefa(27,[46,49],10,3).
tarefa(28,[31],3,2).
tarefa(29,[31,32],6,3).
tarefa(30,[39],3,3).
tarefa(31,[35,38],5,4).
tarefa(32,[34,38],5,3).
tarefa(33,[34,38],2,2).
tarefa(34,[35,39],4,3).
tarefa(35,[36],8,3).
tarefa(36,[37],4,1).
tarefa(37,[40],10,5).
tarefa(38,[57],5,3).
tarefa(39,[41,45],4,3).
tarefa(40,[41,43,45],10,4).
tarefa(41,[42,44],1,2).
tarefa(42,[46,48,52],6,4).
tarefa(43,[55],1,5).
tarefa(44,[47,50],3,4).
tarefa(45,[47,48],6,1).
tarefa(46,[55],2,4).
tarefa(47,[49,51,52],6,2).
tarefa(48,[61],1,3).
tarefa(49,[55],9,5).
tarefa(50,[51,52,53],10,5).
tarefa(51,[73],7,2).
tarefa(52,[55,56],3,5).
tarefa(53,[54,57],9,2).
tarefa(54,[70],9,5).
tarefa(55,[57],7,2).
tarefa(56,[59,60],2,5).
tarefa(57,[58,59,60],7,5).
tarefa(58,[66,68],3,2).
tarefa(59,[61,62,66],3,4).
tarefa(60,[75],10,1).
tarefa(61,[63,64,72],3,2).
tarefa(62,[63,67,68],8,1).
tarefa(63,[75],2,2).
tarefa(64,[65],2,3).
tarefa(65,[68],4,4).
tarefa(66,[67,69,70],1,3).
tarefa(67,[71],4,2).
tarefa(68,[70],9,1).
tarefa(69,[72,73],2,1).
tarefa(70,[71,73],3,1).
tarefa(71,[],4,2).
tarefa(72,[74],6,5).
tarefa(73,[74,75],3,4).
tarefa(74,[],10,1).
tarefa(75,[],10,4).
